casa  usar fill3(X, Y, Z, C)

        X = [ 1, 1, 1, 3, 1, 0, 0, 2, 0, 0; 
              3, 1, 3, 3, 3, 4, 2, 4, 4, 4;              
              3, 1, 3, 3, 3, 4, 2, 4, 2, 2;
              1, 1, 1, 3, 1, 0, 0, 2, 2, 2]
        Y = [ 1, 3, 1, 1, 3, 0, 0, 0, 0, 4; 
              1, 1, 1, 3, 3, 0, 0, 0, 0, 4;
              3, 1, 1, 3, 3, 4, 4, 4, 0, 4;
              3, 3, 1, 1, 3, 4, 4, 4, 0, 4]
        Z = [ 0, 0, 0, 0, 0, 2, 2, 3, 2, 2; 
              0, 0, 0, 0, 0, 2, 3, 2, 2, 2;
              0, 2, 2, 2, 2, 2, 3, 2, 3, 3;
              0, 2, 2, 2, 2, 2, 2, 3, 3, 3]
        C = [ 0.1, 0.3, 0.6, 0.8, 0.2, 0.5, 1, 0.9, 0.7, 0.4; 
              0.1, 0.3, 0.6, 0.8, 0.2, 0.5, 1, 0.9, 0.7, 0.4;
              0.1, 0.3, 0.6, 0.8, 0.2, 0.5, 1, 0.9, 0.7, 0.4;
              0.1, 0.3, 0.6, 0.8, 0.2, 0.5, 1, 0.9, 0.7, 0.4]


cubo   usar fill3(X, Y, Z, C)
        X = [ 1, 1, 1, 3, 1, 1; 
              3, 1, 3, 3, 3, 3;              
              3, 1, 3, 3, 3, 3;
              1, 1, 1, 3, 1, 1]
        Y = [ 1, 3, 1, 1, 3, 1; 
              1, 1, 1, 3, 3, 1;
              3, 1, 1, 3, 3, 3;
              3, 3, 1, 1, 3, 3]
        Z = [ 0, 0, 0, 0, 0, 2; 
              0, 0, 0, 0, 0, 2;
              0, 2, 2, 2, 2, 2;
              0, 2, 2, 2, 2, 2]
        C = [ 0.1, 0.3, 0.6, 0.8, 0.4, 0.5; 
              0.1, 0.3, 0.6, 0.8, 0.4, 0.5;
              0.1, 0.3, 0.6, 0.8, 0.4, 0.5;
              0.1, 0.3, 0.6, 0.8, 0.4, 0.5]

ponto/vetor usar quiver3(0, 0, 0, X, Y, Z)
X = [3];
Y = [5];
Z = [2];
C = [1];